A =

     0.584      0.632     0.0613 
     0.394      0.178      0.874 
     0.974      0.993     0.0468 
    0.0244      0.206      0.843 
     0.872      0.109      0.521 



Check if R is upper triangular...
R =

      1.49       1.01      0.606 
         0      0.665     -0.217 
         0          0       1.16 


------------R is upper triangular 


Check if Q^T*Q = 1...
Q =

     0.393      0.351    -0.0874 
     0.265     -0.137      0.591 
     0.656      0.493     -0.211 
    0.0164      0.284      0.774 
     0.587     -0.731    0.00561 


Q^T*Q =

         1          0   2.04e-17 
         0          1   8.85e-17 
  2.04e-17   8.85e-17          1 


------------Q^T*Q = 1



Check if QR = A...
QR =

     0.584      0.632     0.0613 
     0.394      0.178      0.874 
     0.974      0.993     0.0468 
    0.0244      0.206      0.843 
     0.872      0.109      0.521 


------------QR = A



b =
     0.669      0.762      0.998          0          0 



Solve QRx=b...
x =
    0.0161      0.986      0.157 



Check if Ax = b...
Ax =
     0.643      0.319          1      0.335      0.204 


Ax != b



B =

     0.751      0.804      0.913      0.961      0.228 
     0.936      0.148      0.592     0.0777      0.876 
     0.163      0.427      0.603       0.58      0.494 
     0.364      0.661      0.109     0.0677      0.175 
     0.194      0.138      0.651      0.105      0.268 



B^-1 =

      0.89      0.812      -1.45     -0.201     -0.613 
    -0.308     -0.554      0.319       1.73      0.351 
     0.108     -0.391      -0.51     -0.183       2.24 
     0.748      0.052      0.931      -1.15      -1.77 
     -1.04      0.627       1.76      0.147     -0.765 



Check if B*B^-1 = Id...
B*B^-1 =

         1  -2.78e-17  -5.55e-17  -2.15e-16  -8.33e-17 
         0          1   2.22e-16  -2.78e-17   1.11e-16 
  2.22e-16   2.22e-16          1  -1.94e-16   2.78e-16 
 -1.67e-16          0  -5.55e-17          1   2.22e-16 
 -2.78e-16   2.78e-17  -5.55e-17   4.16e-17          1 


B*B^-1 = Id



